%t = 0:1000;
%g = 0.0123;
%Px = 3.3;
%Po = 0.1;
%opt = (Po * Px * exp(g*t)) / (Px - Po + Po * exp(g*t));
%(0.1 * Px * exp(g*x)) / (Px - 0.1 + 0.1 * exp(g*x))
%(0.1 * exp(g*x)) / (1 - 0.1 * B *(1 - exp(g*x)))

TB	= [0.445	0.465	0.487	0.525	0.57	0.621	0.693	0.722	0.69	0.732	0.782	0.844	0.897	0.962	1.011	1.061	1.108	1.186	1.24	1.305	1.371	1.414	1.412	1.443	1.518	1.544	1.555	1.587	1.609	1.617	1.64	1.774	1.723	1.764	1.819	1.867	1.899	1.942	2.056	1.978	2.002	2.038	2.081	2.07	2.109	2.127	2.183	2.219	2.257	2.337	2.375	2.471	2.478	2.545	2.657	2.679	2.74	2.774	2.757	2.815	2.859	2.902	2.905	2.881	2.923	2.924	2.941	3.036	3.13	3.173	3.262	3.17	3.196	3.219	3.194	3.182	3.251	3.254	3.108	2.82];
LB	= [0.403	0.43	0.466	0.537	0.617	0.69	0.762	0.837	0.9	0.97	1.06	1.122	1.216	1.279	1.347	1.41	1.454	1.505	1.542	1.58	1.618	1.656	1.692	1.731	1.773	1.808	1.839	1.882	1.916	1.945	1.988	2.021	2.047	2.083	2.096	2.139	2.145	2.158	2.182	2.212	2.222	2.238	2.259	2.279	2.308	2.322	2.364	2.389	2.391	2.394	2.403	2.413	2.403	2.408	2.413	2.404	2.411	2.433	2.41	2.432	2.435	2.448	2.452	2.464	2.465	2.486	2.482	2.512	2.508	2.508	2.529	2.509	2.532	2.524	2.527	2.534	2.543	2.549	2.572	2.57];
DM	= [0.395	0.393	0.385	0.392	0.385	0.389	0.394	0.396	0.4	0.403	0.406	0.41	0.416	0.419	0.422	0.425	0.428	0.434	0.446	0.44	0.438	0.437	0.442	0.438	0.442	0.443	0.443	0.447	0.443	0.442	0.446	0.441	0.448	0.447	0.445	0.448	0.448	0.447	0.442	0.448	0.45	0.452	0.452	0.451	0.446	0.444	0.45	0.45	0.452	0.451	0.449	0.45	0.448	0.447	0.446	0.45	0.447	0.449	0.448	0.447	0.446	0.447	0.447	0.45	0.445	0.447	0.45	0.451	0.449	0.446	0.45	0.445	0.444	0.441	0.445	0.45	0.452	0.44	0.442	0.444];
IPTG400MM	= [0.399	0.425	0.45	0.518	0.552	0.596	0.664	0.731	0.804	0.874	0.951	0.99	1.074	1.124	1.183	1.255	1.317	1.362	1.402	1.44	1.482	1.517	1.56	1.6	1.629	1.667	1.716	1.75	1.805	1.813	1.859	1.888	1.914	1.956	1.961	2.007	2.023	2.035	2.055	2.09	2.107	2.11	2.13	2.146	2.163	2.184	2.203	2.229	2.234	2.238	2.266	2.273	2.266	2.272	2.276	2.261	2.268	2.281	2.256	2.278	2.275	2.28	2.283	2.294	2.279	2.3	2.294	2.318	2.308	2.304	2.324	2.293	2.319	2.302	2.31	2.305	2.314	2.321	2.344	2.335];
IPTG500MM	= [0.399	0.429	0.463	0.525	0.583	0.634	0.755	0.81	0.856	0.95	1.047	1.091	1.188	1.248	1.318	1.393	1.449	1.504	1.551	1.584	1.629	1.664	1.706	1.755	1.786	1.814	1.871	1.896	1.948	1.936	1.984	2.002	2.022	2.064	2.048	2.091	2.103	2.122	2.129	2.172	2.192	2.182	2.205	2.208	2.22	2.254	2.274	2.313	2.31	2.286	2.317	2.325	2.326	2.336	2.345	2.334	2.344	2.367	2.344	2.372	2.373	2.374	2.382	2.399	2.385	2.412	2.403	2.425	2.42	2.413	2.435	2.414	2.443	2.429	2.44	2.442	2.447	2.454	2.476	2.471];
IPTG600MM	= [0.39	0.418	0.454	0.533	0.595	0.665	0.739	0.813	0.879	0.96	1.05	1.096	1.197	1.259	1.333	1.402	1.467	1.515	1.566	1.605	1.659	1.693	1.732	1.773	1.788	1.814	1.871	1.889	1.954	1.929	1.984	2.006	2.028	2.074	2.049	2.095	2.114	2.136	2.143	2.183	2.211	2.193	2.217	2.211	2.226	2.271	2.301	2.324	2.32	2.285	2.328	2.33	2.337	2.344	2.357	2.345	2.36	2.377	2.36	2.394	2.39	2.39	2.401	2.418	2.399	2.432	2.426	2.444	2.438	2.435	2.458	2.433	2.459	2.448	2.458	2.456	2.463	2.472	2.498	2.49];
IPTG700MM	= [0.399	0.431	0.467	0.55	0.627	0.697	0.785	0.84	0.908	0.992	1.081	1.139	1.245	1.308	1.382	1.45	1.516	1.564	1.621	1.652	1.702	1.735	1.78	1.821	1.829	1.859	1.923	1.938	2.008	1.974	2.034	2.064	2.084	2.128	2.096	2.156	2.189	2.219	2.215	2.261	2.288	2.263	2.291	2.275	2.301	2.372	2.37	2.379	2.372	2.328	2.377	2.381	2.394	2.394	2.413	2.404	2.418	2.434	2.42	2.457	2.451	2.453	2.47	2.49	2.467	2.505	2.492	2.513	2.511	2.504	2.527	2.5	2.528	2.518	2.531	2.528	2.535	2.542	2.567	2.559];
IPTG800MM   = [0.403	0.436	0.478	0.56	0.625	0.702	0.801	0.875	0.925	1.014	1.081	1.169	1.269	1.343	1.413	1.475	1.547	1.581	1.639	1.667	1.715	1.754	1.804	1.839	1.839	1.865	1.926	1.925	2.016	1.972	2.032	2.052	2.085	2.135	2.097	2.155	2.189	2.225	2.216	2.264	2.3	2.264	2.303	2.288	2.299	2.363	2.359	2.36	2.359	2.316	2.377	2.375	2.406	2.401	2.422	2.42	2.437	2.446	2.45	2.49	2.478	2.476	2.496	2.52	2.497	2.536	2.529	2.539	2.537	2.532	2.558	2.54	2.563	2.554	2.563	2.567	2.568	2.577	2.599	2.593];
IPU	= [0.217	0.27	0.341	0.41	0.51	0.608	0.718	0.836	0.977	1.12	1.226	1.3	1.362	1.432	1.518	1.557	1.613	1.645	1.672	1.72	1.747	1.766	1.819	1.832	1.851	1.894	1.908	1.922	1.954	1.978	1.991	2.009	2.02	2.05	2.063	2.086	2.104	2.126	2.149	2.165	2.184	2.226	2.26	2.277	2.303	2.327	2.347	2.346	2.364	2.364	2.367	2.389	2.4	2.412	2.422	2.434	2.439	2.455	2.447	2.461	2.472	2.474	2.481	2.491	2.502	2.506	2.515	2.515	2.527	2.517	2.526	2.531	2.538	2.534	2.549	2.543	2.556	2.563	2.561	2.566];
IPI	= [0.242	0.286	0.343	0.427	0.521	0.599	0.713	0.831	0.968	1.125	1.21	1.314	1.363	1.398	1.471	1.508	1.595	1.65	1.681	1.725	1.768	1.786	1.859	1.854	1.856	1.918	1.942	1.937	2	2.016	2.039	2.064	2.082	2.086	2.101	2.127	2.128	2.154	2.17	2.173	2.193	2.201	2.245	2.274	2.304	2.335	2.342	2.348	2.353	2.37	2.378	2.403	2.425	2.435	2.448	2.456	2.465	2.487	2.477	2.499	2.517	2.52	2.519	2.538	2.543	2.556	2.569	2.559	2.574	2.561	2.569	2.576	2.586	2.577	2.6	2.592	2.616	2.61	2.605	2.614];
GFPU	= [0.302	0.365	0.447	0.564	0.687	0.793	0.958	1.105	1.241	1.343	1.341	1.451	1.543	1.565	1.641	1.651	1.747	1.776	1.796	1.871	1.905	1.94	1.998	1.99	2.023	2.057	2.094	2.084	2.142	2.181	2.194	2.213	2.217	2.241	2.25	2.316	2.335	2.337	2.362	2.359	2.392	2.392	2.409	2.416	2.429	2.466	2.477	2.481	2.493	2.512	2.525	2.557	2.566	2.574	2.586	2.598	2.598	2.618	2.605	2.624	2.638	2.649	2.64	2.667	2.659	2.679	2.681	2.666	2.681	2.647	2.662	2.662	2.682	2.675	2.699	2.692	2.721	2.722	2.716	2.717];
GFPI	= [0.311	0.371	0.449	0.542	0.668	0.784	0.949	1.108	1.262	1.327	1.317	1.463	1.522	1.55	1.608	1.65	1.756	1.799	1.804	1.873	1.903	1.942	2.012	2.001	2.031	2.059	2.108	2.09	2.142	2.162	2.178	2.222	2.218	2.26	2.277	2.327	2.376	2.359	2.401	2.383	2.427	2.414	2.434	2.443	2.458	2.495	2.524	2.521	2.528	2.559	2.581	2.611	2.622	2.633	2.639	2.659	2.661	2.683	2.669	2.689	2.694	2.724	2.704	2.713	2.724	2.734	2.743	2.716	2.738	2.715	2.74	2.713	2.742	2.737	2.76	2.758	2.775	2.782	2.804	2.81];

TBx = [0.445	0.57	0.69	0.897	1.108	1.371	1.518	1.609	1.723	1.899	2.002	2.109	2.257	2.478	2.74	2.859	2.923	3.13	3.196	3.251];
LBx	= [0.403	0.617	0.9	1.216	1.454	1.618	1.773	1.916	2.047	2.145	2.222	2.308	2.391	2.403	2.411	2.435	2.465	2.508	2.532	2.543];
DMx	= [0.395	0.385	0.4	0.416	0.428	0.438	0.442	0.443	0.448	0.448	0.45	0.446	0.452	0.448	0.447	0.446	0.445	0.449	0.444	0.452];
IPTG400MMx	= [0.399	0.552	0.804	1.074	1.317	1.482	1.629	1.805	1.914	2.023	2.107	2.163	2.234	2.266	2.268	2.275	2.279	2.308	2.319	2.314];
IPTG500MMx	= [0.399	0.583	0.856	1.188	1.449	1.629	1.786	1.948	2.022	2.103	2.192	2.22	2.31	2.326	2.344	2.373	2.385	2.42	2.443	2.447];
IPTG600MMx	= [0.39	0.595	0.879	1.197	1.467	1.659	1.788	1.954	2.028	2.114	2.211	2.226	2.32	2.337	2.36	2.39	2.399	2.438	2.459	2.463];
IPTG800MMx	= [0.403	0.625	0.925	1.269	1.547	1.715	1.839	2.016	2.085	2.189	2.3	2.299	2.359	2.406	2.437	2.478	2.497	2.537	2.563	2.568];
IPTG700MMx	= [0.399	0.627	0.908	1.245	1.516	1.702	1.829	2.008	2.084	2.189	2.288	2.301	2.372	2.394	2.418	2.451	2.467	2.511	2.528	2.535];
IPU	= [0.217	0.51	0.977	1.362	1.613	1.747	1.851	1.954	2.02	2.104	2.184	2.303	2.364	2.4	2.439	2.472	2.502	2.527	2.538	2.556];
IPI	= [0.242	0.521	0.968	1.363	1.595	1.768	1.856	2	2.082	2.128	2.193	2.304	2.353	2.425	2.465	2.517	2.543	2.574	2.586	2.616];
GFPU	= [0.302	0.687	1.241	1.543	1.747	1.905	2.023	2.142	2.217	2.335	2.392	2.429	2.493	2.566	2.598	2.638	2.659	2.681	2.682	2.721];
GFPI	= [0.311	0.668	1.262	1.522	1.756	1.903	2.031	2.142	2.218	2.376	2.427	2.458	2.528	2.622	2.661	2.694	2.724	2.738	2.742	2.775];

